100.099045	52.383347
99.99905	52.392384
99.89905	52.401447
99.79905	52.41055
99.69905	52.41968
99.59905	52.42885
99.499054	52.43805
99.399055	52.44728
99.29906	52.45655
99.19906	52.465847
99.09906	52.475185
98.99906	52.48455
98.89906	52.493954
98.799065	52.50339
98.699066	52.51286
98.59907	52.522366
98.49907	52.531906
98.39907	52.54148
98.29907	52.55109
98.19907	52.560738
98.099075	52.57042
97.99908	52.580128
97.89908	52.58988
97.79908	52.599667
97.69908	52.60949
97.59908	52.619347
97.499084	52.629242
97.399086	52.639168
97.29909	52.649128
97.19909	52.65913
97.09909	52.66917
96.99909	52.67924
96.89909	52.68935
96.799095	52.699497
96.6991	52.70968
96.5991	52.719894
96.4991	52.730152
96.3991	52.740444
96.2991	52.750774
96.199104	52.76114
96.099106	52.771545
95.99911	52.781986
95.89911	52.79247
95.79911	52.802986
95.69911	52.81354
95.59911	52.824135
95.499115	52.834766
95.39912	52.845436
95.29912	52.856148
95.19912	52.866894
95.09912	52.87768
94.99912	52.888504
94.899124	52.89937
94.799126	52.91027
94.69913	52.921207
94.59913	52.932186
94.49913	52.943203
94.39913	52.954266
94.29913	52.965363
94.199135	52.976498
94.09914	52.987675
93.99914	52.99889
93.89914	53.010147
93.79914	53.021442
93.69914	53.03278
93.599144	53.044163
93.499146	53.05558
93.39915	53.067036
93.29915	53.07854
93.19915	53.09008
93.09915	53.10166
92.99915	53.113285
92.899155	53.124947
92.79916	53.136654
92.69916	53.148403
92.59916	53.160194
92.49916	53.172028
92.39916	53.183903
92.299164	53.195816
92.199165	53.207775
92.09917	53.219772
91.99917	53.231815
91.89917	53.2439
91.79917	53.25603
91.69917	53.268204
91.599174	53.280415
91.499176	53.29267
91.39918	53.304974
91.29918	53.317318
91.19918	53.329704
91.09918	53.342133
90.99918	53.35461
90.899185	53.367126
90.79919	53.379692
90.69919	53.3923
90.59919	53.404945
90.49919	53.417645
90.39919	53.430386
90.299194	53.44317
90.199196	53.455997
90.0992	53.468872
89.9992	53.481796
89.8992	53.494762
89.7992	53.50777
89.6992	53.52083
89.599205	53.53393
89.49921	53.547077
89.39921	53.560272
89.29921	53.573517
89.19921	53.5868
89.09921	53.600136
88.999214	53.613514
88.899216	53.626938
88.79922	53.640415
88.69922	53.65393
88.59922	53.6675
88.49922	53.681114
88.39922	53.694775
88.299225	53.70849
88.19923	53.72224
88.09923	53.73605
87.99923	53.7499
87.89923	53.7638
87.79923	53.777752
87.699234	53.791748
87.599236	53.805794
87.49924	53.81989
87.39924	53.834034
87.29924	53.84823
87.19924	53.86247
87.09924	53.876762
86.999245	53.8911
86.89925	53.90549
86.79925	53.91993
86.69925	53.93442
86.59925	53.948956
86.49925	53.963547
86.399254	53.978188
86.299255	53.992878
86.19926	54.007618
86.09926	54.02241
85.99926	54.037254
85.89926	54.052143
85.79926	54.06709
85.699265	54.082085
85.599266	54.097134
85.49927	54.11223
85.39927	54.12738
85.29927	54.14258
85.19927	54.157833
85.09927	54.17314
84.999275	54.1885
84.89928	54.20391
84.79928	54.21937
84.69928	54.234886
84.59928	54.250458
84.49928	54.26608
84.399284	54.281757
84.299286	54.297485
84.19929	54.313267
84.09929	54.329105
83.99929	54.344994
83.89929	54.360935
83.79929	54.376934
83.699295	54.392986
83.5993	54.409092
83.4993	54.42525
83.3993	54.441467
83.2993	54.457737
83.1993	54.47406
83.099304	54.49044
82.999306	54.50688
82.89931	54.52337
82.79931	54.539917
82.69931	54.556522
82.59931	54.573177
82.49931	54.589893
82.399315	54.606667
82.29932	54.623493
82.19932	54.640377
82.09932	54.657314
81.99932	54.674313
81.89932	54.691364
81.799324	54.708477
81.699326	54.725643
81.59933	54.74287
81.49933	54.76015
81.39933	54.777496
81.29933	54.794895
81.19933	54.81235
81.099335	54.82987
80.99934	54.847446
80.89934	54.865074
80.79934	54.882767
80.69934	54.900524
80.59934	54.91833
80.499344	54.936203
80.399345	54.954132
80.29935	54.97212
80.19935	54.990166
80.09935	55.008278
79.99935	55.026443
79.89935	55.044674
79.799355	55.06296
79.699356	55.08131
79.59936	55.09972
79.49936	55.11819
79.39936	55.136723
79.29936	55.155315
79.19936	55.173973
79.099365	55.192688
78.99937	55.211464
78.89937	55.230305
78.79937	55.249203
78.69937	55.26817
78.59937	55.287193
78.499374	55.306282
78.399376	55.32543
78.29938	55.344646
78.19938	55.36392
78.09938	55.38326
77.99938	55.40266
77.89938	55.422123
77.799385	55.441654
77.69939	55.461246
77.59939	55.4809
77.49939	55.50062
77.39939	55.520405
77.29939	55.540257
77.199394	55.56017
77.099396	55.580147
76.9994	55.600193
76.8994	55.6203
76.7994	55.640472
76.6994	55.66071
76.5994	55.681015
76.499405	55.70138
76.39941	55.72182
76.29941	55.74232
76.19941	55.76289
76.09941	55.783527
75.99941	55.804226
75.899414	55.824997
75.799416	55.845833
75.69942	55.86673
75.59942	55.887703
75.49942	55.908733
75.39942	55.92984
75.29942	55.95101
75.199425	55.972248
75.09943	55.993557
74.99943	56.01493
74.89943	56.036373
74.79943	56.057884
74.69943	56.079464
74.599434	56.101112
74.499435	56.12283
74.39944	56.14462
74.29944	56.166473
74.19944	56.1884
74.09944	56.210396
73.99944	56.232464
73.899445	56.254597
73.799446	56.276802
73.69945	56.29908
73.59945	56.321423
73.49945	56.343845
73.39945	56.366333
73.29945	56.38889
73.199455	56.41152
73.09946	56.43422
72.99946	56.456993
72.89946	56.47984
72.79946	56.502758
72.69946	56.52574
72.599464	56.5488
72.499466	56.571934
72.39947	56.59514
72.29947	56.618416
72.19947	56.641766
72.09947	56.66519
71.99947	56.68869
71.899475	56.712257
71.79948	56.7359
71.69948	56.759617
71.59948	56.78341
71.49948	56.807274
71.39948	56.831215
71.299484	56.855225
71.199486	56.879314
71.09949	56.903477
70.99949	56.92771
70.89949	56.952026
70.79949	56.976414
70.69949	57.000874
70.599495	57.02541
70.4995	57.050026
70.3995	57.07472
70.2995	57.099483
70.1995	57.124325
70.0995	57.14924
69.999504	57.17424
69.899506	57.19931
69.79951	57.224457
69.69951	57.249683
69.59951	57.274982
69.49951	57.30036
69.39951	57.325825
69.299515	57.351353
69.19952	57.37697
69.09952	57.402657
68.99952	57.428425
68.89952	57.454273
68.79952	57.4802
68.699524	57.506203
68.599525	57.532288
68.49953	57.55845
68.39953	57.584686
68.29953	57.611008
68.19953	57.63741
68.09953	57.663887
67.999535	57.690445
67.899536	57.717087
67.79954	57.743805
67.69954	57.770607
67.59954	57.79749
67.49954	57.82445
67.39954	57.851494
67.299545	57.878616
67.19955	57.90582
67.09955	57.93311
66.99955	57.960472
66.89955	57.987926
66.79955	58.015453
66.699554	58.04307
66.599556	58.070766
66.49956	58.09854
66.39956	58.1264
66.29956	58.154346
66.19956	58.182373
66.09956	58.210484
65.999565	58.238674
65.89957	58.26695
65.79957	58.295307
65.69957	58.32375
65.59957	58.352276
65.49957	58.380886
65.399574	58.40958
65.299576	58.43836
65.19958	58.46722
65.09958	58.49617
64.99958	58.5252
64.89958	58.55432
64.79958	58.583523
64.699585	58.612812
64.59959	58.642185
64.49959	58.671642
64.39959	58.701187
64.29959	58.73082
64.19959	58.760536
64.099594	58.79034
63.999596	58.82023
63.899597	58.85021
63.7996	58.880272
63.6996	58.91042
63.5996	58.940655
63.499603	58.970985
63.399605	59.001392
63.299606	59.03189
63.199608	59.06248
63.09961	59.09316
62.99961	59.12392
62.899612	59.154774
62.799614	59.185715
62.699615	59.21674
62.599617	59.247856
62.49962	59.279064
62.39962	59.310352
62.29962	59.34174
62.199623	59.373215
62.099625	59.40478
61.999626	59.436436
61.899628	59.468178
61.79963	59.500015
61.69963	59.531937
61.599632	59.56395
61.499634	59.596058
61.399635	59.62825
61.299637	59.660534
61.19964	59.692905
61.09964	59.725372
60.99964	59.75793
60.899643	59.79058
60.799644	59.823322
60.699646	59.85616
60.599648	59.889084
60.49965	59.922096
60.39965	59.955208
60.299652	59.98841
60.199654	60.0217
60.099655	60.055088
59.999657	60.088566
59.89966	60.12214
59.79966	60.155804
59.69966	60.18956
59.599663	60.223415
59.499664	60.25736
59.399666	60.291397
59.299667	60.32553
59.19967	60.35976
59.09967	60.394085
58.999672	60.428497
58.899673	60.46301
58.799675	60.497612
58.699677	60.532314
58.599678	60.56711
58.49968	60.601997
58.39968	60.63698
58.299683	60.672062
58.199684	60.707237
58.099686	60.742508
57.999687	60.777874
57.89969	60.81334
57.79969	60.848896
57.69969	60.884552
57.599693	60.920307
57.499695	60.956154
57.399696	60.992104
57.299698	61.02814
57.1997	61.06428
57.0997	61.100517
56.999702	61.136852
56.899704	61.17328
56.799706	61.20981
56.699707	61.246433
56.59971	61.283154
56.49971	61.319977
56.39971	61.356895
56.299713	61.393913
56.199715	61.43103
56.099716	61.468246
55.999718	61.50556
55.89972	61.542976
55.79972	61.580486
55.699722	61.6181
55.599724	61.65581
55.499725	61.693623
55.399727	61.731533
55.29973	61.769543
55.19973	61.80765
55.09973	61.845863
54.999733	61.88417
54.899734	61.92258
54.799736	61.96109
54.699738	61.9997
54.59974	62.038414
54.49974	62.07722
54.399742	62.11614
54.299744	62.15515
54.199745	62.194263
54.099747	62.233486
53.99975	62.2728
53.89975	62.312225
53.79975	62.35174
53.699753	62.391365
53.599754	62.43109
53.499756	62.470924
53.399757	62.51085
53.29976	62.550888
53.19976	62.591022
53.099762	62.63126
52.999763	62.6716
52.899765	62.712048
52.799767	62.75259
52.699768	62.79324
52.59977	62.833992
52.49977	62.874847
52.399773	62.915813
52.299774	62.95688
52.199776	62.998043
52.099777	63.039314
51.99978	63.08069
51.89978	63.122173
51.79978	63.163754
51.699783	63.20544
51.599785	63.247234
51.499786	63.28913
51.399788	63.331135
51.29979	63.373245
51.19979	63.41546
51.099792	63.457775
50.999794	63.500195
50.899796	63.54273
50.799797	63.58536
50.6998	63.6281
50.5998	63.670948
50.4998	63.713898
50.399803	63.756958
50.299805	63.80012
50.199806	63.84339
50.099808	63.886772
49.99981	63.930256
49.89981	63.973846
49.799812	64.01755
49.699814	64.06135
49.599815	64.10526
49.499817	64.14928
49.39982	64.1934
49.29982	64.23763
49.19982	64.281975
49.099823	64.32642
48.999825	64.37097
48.899826	64.41564
48.799828	64.4604
48.69983	64.50529
48.59983	64.55027
48.499832	64.59537
48.399834	64.64057
48.299835	64.68588
48.199837	64.7313
48.09984	64.77683
47.99984	64.82247
47.89984	64.86822
47.799843	64.91407
47.699844	64.96004
47.599846	65.00611
47.499847	65.05229
47.39985	65.09858
47.29985	65.14499
47.199852	65.1915
47.099854	65.23811
46.999855	65.28484
46.899857	65.33168
46.79986	65.37864
46.69986	65.4257
46.59986	65.47287
46.499863	65.52015
46.399864	65.56754
46.299866	65.61504
46.199867	65.66265
46.09987	65.71037
45.99987	65.75821
45.89987	65.80616
45.799873	65.85421
45.699875	65.90238
45.599876	65.95065
45.499878	65.99905
45.39988	66.04755
45.29988	66.09615
45.199883	66.144875
45.099884	66.19371
44.999886	66.24266
44.899887	66.29172
44.79989	66.34089
44.69989	66.39017
44.59989	66.43957
44.499893	66.48907
44.399895	66.53869
44.299896	66.588425
44.199898	66.63827
44.0999	66.688225
43.9999	66.73829
43.899902	66.78847
43.799904	66.83877
43.699905	66.88917
43.599907	66.93969
43.49991	66.990326
43.39991	67.04107
43.29991	67.09193
43.199913	67.14291
43.099915	67.193985
42.999916	67.245186
42.899918	67.29649
42.79992	67.347916
42.69992	67.39946
42.599922	67.45111
42.499924	67.50288
42.399925	67.55476
42.299927	67.60676
42.19993	67.65886
42.09993	67.71109
41.99993	67.76342
41.899933	67.81587
41.799934	67.86844
41.699936	67.92112
41.599937	67.973915
41.49994	68.026825
41.39994	68.07984
41.299942	68.13298
41.199944	68.18623
41.099945	68.23959
40.999947	68.29308
40.89995	68.34668
40.79995	68.40039
40.69995	68.454216
40.599953	68.508156
40.499954	68.56222
40.399956	68.61639
40.299957	68.67067
40.19996	68.725075
40.09996	68.779594
39.99996	68.83423
39.899963	68.88898
39.799965	68.94384
39.699966	68.998825
39.599968	69.05392
39.49997	69.10913
39.39997	69.16446
39.299973	69.2199
39.199974	69.27546
39.099976	69.33114
38.999977	69.38693
38.89998	69.44284
38.79998	69.49886
38.69998	69.555
38.599983	69.61126
38.499985	69.66763
38.399986	69.72412
38.299988	69.78072
38.19999	69.83744
38.09999	69.89428
37.999992	69.95124
37.899994	70.00831
37.799995	70.0655
37.699997	70.1228
37.6	70.18022
37.5	70.23776
37.4	70.29542
37.300003	70.353195
37.200005	70.41109
37.100006	70.46909
37.000008	70.527214
36.90001	70.58545
36.80001	70.64381
36.700012	70.70228
36.600014	70.76087
36.500015	70.81958
36.400017	70.87841
36.30002	70.93735
36.20002	70.99641
36.10002	71.055595
36.000023	71.11488
35.900024	71.1743
35.800026	71.233826
35.700027	71.29348
35.60003	71.35324
35.50003	71.41313
35.400032	71.47313
35.300034	71.53325
35.200035	71.59348
35.100037	71.65384
35.00004	71.71431
34.90004	71.7749
34.80004	71.83561
34.700043	71.89643
34.600044	71.957375
34.500046	72.01843
34.400047	72.079605
34.30005	72.14091
34.20005	72.20232
34.10005	72.263855
34.000053	72.3255
33.900055	72.387276
33.800056	72.44916
33.700058	72.51117
33.60006	72.57329
33.50006	72.63553
33.400063	72.69789
33.300064	72.76037
33.200066	72.82297
33.100067	72.88568
33.00007	72.94851
32.90007	73.01147
32.80007	73.07453
32.700073	73.137726
32.600075	73.201035
32.500076	73.26446
32.400078	73.327995
32.30008	73.39166
32.20008	73.45544
32.100082	73.51933
32.000084	73.58335
31.900085	73.647484
31.800085	73.71174
31.700085	73.77611
31.600084	73.8406
31.500084	73.905205
31.400084	73.96993
31.300083	74.034775
31.200083	74.09974
31.100082	74.164825
31.000082	74.23002
30.900082	74.29535
30.800081	74.36078
30.70008	74.42634
30.60008	74.49201
30.50008	74.55781
30.40008	74.62372
30.30008	74.68975
30.200079	74.7559
30.100079	74.82217
30.000078	74.88855
29.900078	74.955055
29.800077	75.021675
29.700077	75.088425
29.600077	75.15528
29.500076	75.22226
29.400076	75.28936
29.300076	75.356575
29.200075	75.42391
29.100075	75.49136
29.000074	75.55894
28.900074	75.62663
28.800074	75.69444
28.700073	75.76236
28.600073	75.830414
28.500072	75.898575
28.400072	75.96686
28.300072	76.03526
28.200071	76.10378
28.10007	76.172424
28.00007	76.24118
27.90007	76.31006
27.80007	76.37906
27.70007	76.448166
27.600069	76.5174
27.500069	76.586754
27.400068	76.65622
27.300068	76.725815
27.200068	76.79552
27.100067	76.86534
27.000067	76.93529
26.900066	77.00535
26.800066	77.07552
26.700066	77.14582
26.600065	77.21623
26.500065	77.286766
26.400064	77.35742
26.300064	77.42819
26.200064	77.49908
26.100063	77.57009
26.000063	77.641205
25.900063	77.71245
25.800062	77.78381
25.700062	77.855286
25.600061	77.92689
25.500061	77.998604
25.40006	78.070435
25.30006	78.14239
25.20006	78.214455
25.10006	78.286644
25.00006	78.35895
24.900059	78.43137
24.800058	78.503914
24.700058	78.57658
24.600058	78.64935
24.500057	78.72225
24.400057	78.79526
24.300056	78.868385
24.200056	78.941635
24.100056	79.015
24.000055	79.088486
23.900055	79.16209
23.800055	79.23581
23.700054	79.30965
23.600054	79.3836
23.500053	79.45767
23.400053	79.53186
23.300053	79.60616
23.200052	79.68059
23.100052	79.75513
23.000051	79.82978
22.900051	79.90456
22.80005	79.97945
22.70005	80.05446
22.60005	80.12958
22.50005	80.20483
22.40005	80.28018
22.300049	80.35567
22.200048	80.43126
22.100048	80.50698
22.000048	80.58282
21.900047	80.65876
21.800047	80.73482
21.700047	80.811005
21.600046	80.88731
21.500046	80.963715
21.400045	81.04025
21.300045	81.1169
21.200045	81.193665
21.100044	81.270546
21.000044	81.34754
20.900043	81.42466
20.800043	81.50189
20.700043	81.57924
20.600042	81.65671
20.500042	81.73428
20.400042	81.81198
20.300041	81.88979
20.20004	81.96772
20.10004	82.04577
20.00004	82.12393
19.90004	82.20221
19.80004	82.2806
19.700039	82.359116
19.600039	82.43774
19.500038	82.51648
19.400038	82.59534
19.300037	82.67432
19.200037	82.7534
19.100037	82.8326
19.000036	82.91192
18.900036	82.991356
18.800035	83.070915
18.700035	83.15058
18.600035	83.230354
18.500034	83.31026
18.400034	83.39027
18.300034	83.47039
18.200033	83.55063
18.100033	83.63098
18.000032	83.71146
17.900032	83.79204
17.800032	83.87274
17.700031	83.95355
17.60003	84.034485
17.50003	84.11553
17.40003	84.19669
17.30003	84.27798
17.20003	84.35937
17.100029	84.44088
17.000029	84.52249
16.900028	84.604225
16.800028	84.68608
16.700027	84.76804
16.600027	84.85012
16.500027	84.93231
16.400026	85.01462
16.300026	85.09704
16.200026	85.17957
16.100025	85.262215
16.000025	85.34498
15.900024	85.42785
15.800024	85.51084
15.700024	85.59394
15.600023	85.67716
15.500023	85.76049
15.4000225	85.84394
15.300022	85.92749
15.200022	86.01116
15.100021	86.09494
15.000021	86.17884
14.900021	86.26285
14.80002	86.34697
14.70002	86.4312
14.600019	86.51556
14.500019	86.60001
14.400019	86.684586
14.300018	86.76927
14.200018	86.85407
14.100018	86.93898
14.000017	87.02401
13.900017	87.109146
13.800016	87.1944
13.700016	87.279755
13.600016	87.36523
13.500015	87.45081
13.400015	87.536514
13.3000145	87.62232
13.200014	87.70825
13.100014	87.79428
13.000013	87.88043
12.900013	87.96669
12.800013	88.05306
12.700012	88.13954
12.600012	88.226135
12.500011	88.31284
12.400011	88.39966
12.300011	88.48658
12.20001	88.57362
12.10001	88.66077
12.00001	88.748024
11.900009	88.83539
11.800009	88.922874
11.700008	89.01047
11.600008	89.09817
11.500008	89.18598
11.400007	89.2739
11.300007	89.36194
11.2000065	89.45008
11.100006	89.53834
11.000006	89.6267
10.900005	89.71518
10.800005	89.80376
10.700005	89.89245
10.600004	89.98126
10.500004	90.070175
10.400003	90.1592
10.300003	90.24833
10.200003	90.33758
10.100002	90.426926
10.000002	90.51639
9.900002	90.60596
9.800001	90.69563
9.700001	90.78542
9.6	90.87532
9.5	90.96533
9.4	91.05545
9.299999	91.14567
9.199999	91.23601
9.099998	91.326454
8.999998	91.417
8.899998	91.50767
8.799997	91.598434
8.699997	91.68931
8.599997	91.78029
8.499996	91.87138
8.399996	91.96259
8.299995	92.053894
8.199995	92.14532
8.099995	92.23684
7.9999948	92.328476
7.899995	92.42021
7.799995	92.51206
7.699995	92.60402
7.599995	92.69607
7.499995	92.788246
7.3999953	92.88052
7.2999954	92.972916
7.1999955	93.06541
7.0999956	93.15801
6.9999957	93.25071
6.899996	93.34353
6.799996	93.43645
6.699996	93.52947
6.599996	93.62261
6.499996	93.71584
6.3999963	93.8092
6.2999964	93.90265
6.1999965	93.9962
6.0999966	94.08987
5.9999967	94.183624
5.8999968	94.277504
5.799997	94.37149
5.699997	94.46557
5.599997	94.55976
5.499997	94.65405
5.399997	94.74845
5.2999973	94.842964
5.1999974	94.937584
5.0999975	95.032295
4.9999976	95.12711
4.8999977	95.222046
4.799998	95.31708
4.699998	95.41222
4.599998	95.50746
4.499998	95.6028
4.399998	95.69825
4.2999983	95.79381
4.1999984	95.889465
4.0999985	95.98524
3.9999983	96.0811
3.8999984	96.17707
3.7999985	96.27315
3.6999986	96.36932
3.5999987	96.4656
3.4999988	96.56199
3.399999	96.65848
3.299999	96.755066
3.199999	96.85177
3.0999992	96.94856
2.9999993	97.04546
2.8999994	97.14247
2.7999995	97.239586
2.6999996	97.33679
2.5999997	97.43411
2.4999998	97.531525
2.3999999	97.62904
2.3	97.72667
2.2	97.82439
2.1000001	97.92221
2.0000002	98.02015
1.9000003	98.11818
1.8000003	98.21631
1.7000003	98.314545
1.6000003	98.41287
1.5000002	98.511314
1.4000002	98.609856
1.3000002	98.708496
1.2000002	98.807236
1.1000001	98.906075
1.0000001	99.00502
0.9000001	99.104065
0.8000001	99.20322
0.70000005	99.30247
0.6	99.40182
0.5	99.50126
0.4	99.60081
0.3	99.700455
0.2	99.80021
0.1	99.900055
0.0	100.0
