0.0	100.099045	21.736921	52.438564
0.0	99.99905	21.77849	52.347614
0.0	99.89905	21.820131	52.256695
0.0	99.79905	21.861843	52.16581
0.0	99.69905	21.903627	52.07496
0.0	99.59905	21.945484	51.984142
0.0	99.499054	21.987415	51.893356
0.0	99.399055	22.029419	51.802605
0.0	99.29906	22.071495	51.711887
0.0	99.19906	22.113644	51.621204
0.0	99.09906	22.155865	51.530556
0.0	98.99906	22.19816	51.43994
0.0	98.89906	22.240528	51.34936
0.0	98.799065	22.282969	51.258816
0.0	98.699066	22.325483	51.168304
0.0	98.59907	22.36807	51.077827
0.0	98.49907	22.410732	50.987385
0.0	98.39907	22.453466	50.896976
0.0	98.29907	22.496275	50.806602
0.0	98.19907	22.539158	50.716263
0.0	98.099075	22.582113	50.625957
0.0	97.99908	22.625143	50.53569
0.0	97.89908	22.668247	50.445457
0.0	97.79908	22.711426	50.35526
0.0	97.69908	22.754679	50.265095
0.0	97.59908	22.798004	50.17497
0.0	97.499084	22.841404	50.084877
0.0	97.399086	22.884878	49.994823
0.0	97.29909	22.928427	49.904804
0.0	97.19909	22.972052	49.81482
0.0	97.09909	23.01575	49.724873
0.0	96.99909	23.059525	49.634964
0.0	96.89909	23.103373	49.54509
0.0	96.799095	23.147295	49.455254
0.0	96.6991	23.191294	49.36545
0.0	96.5991	23.235367	49.27569
0.0	96.4991	23.279514	49.185963
0.0	96.3991	23.323738	49.09627
0.0	96.2991	23.368036	49.00662
0.0	96.199104	23.41241	48.917004
0.0	96.099106	23.456861	48.827427
0.0	95.99911	23.501387	48.73789
0.0	95.89911	23.545988	48.648384
0.0	95.79911	23.590664	48.558918
0.0	95.69911	23.635416	48.46949
0.0	95.59911	23.680244	48.3801
0.0	95.499115	23.72515	48.29075
0.0	95.39912	23.77013	48.201435
0.0	95.29912	23.815187	48.11216
0.0	95.19912	23.860321	48.022923
0.0	95.09912	23.90553	47.933723
0.0	94.99912	23.950817	47.844566
0.0	94.899124	23.99618	47.755447
0.0	94.799126	24.041618	47.666367
0.0	94.69913	24.087133	47.577324
0.0	94.59913	24.132725	47.488323
0.0	94.49913	24.178392	47.39936
0.0	94.39913	24.224138	47.310436
0.0	94.29913	24.26996	47.221554
0.0	94.199135	24.315859	47.13271
0.0	94.09914	24.361835	47.043907
0.0	93.99914	24.407888	46.955143
0.0	93.89914	24.45402	46.86642
0.0	93.79914	24.500227	46.777737
0.0	93.69914	24.546513	46.689095
0.0	93.599144	24.592876	46.60049
0.0	93.499146	24.639317	46.51193
0.0	93.39915	24.685835	46.42341
0.0	93.29915	24.732431	46.334927
0.0	93.19915	24.779104	46.246487
0.0	93.09915	24.825855	46.15809
0.0	92.99915	24.872684	46.069733
0.0	92.899155	24.919592	45.98142
0.0	92.79916	24.966578	45.893143
0.0	92.69916	25.013641	45.80491
0.0	92.59916	25.060783	45.716717
0.0	92.49916	25.108004	45.628567
0.0	92.39916	25.155302	45.54046
0.0	92.299164	25.202679	45.452393
0.0	92.199165	25.250134	45.36437
0.0	92.09917	25.297668	45.27639
0.0	91.99917	25.345282	45.188454
0.0	91.89917	25.392973	45.10056
0.0	91.79917	25.440744	45.012707
0.0	91.69917	25.488594	44.924896
0.0	91.599174	25.536522	44.83713
0.0	91.499176	25.58453	44.74941
0.0	91.39918	25.632616	44.661728
0.0	91.29918	25.680782	44.574093
0.0	91.19918	25.729027	44.4865
0.0	91.09918	25.777351	44.398952
0.0	90.99918	25.825756	44.311447
0.0	90.899185	25.874239	44.223988
0.0	90.79919	25.922802	44.13657
0.0	90.69919	25.971445	44.0492
0.0	90.59919	26.020168	43.961872
0.0	90.49919	26.06897	43.874588
0.0	90.39919	26.117851	43.78735
0.0	90.299194	26.166813	43.700157
0.0	90.199196	26.215855	43.61301
0.0	90.0992	26.264977	43.525906
0.0	89.9992	26.314178	43.438847
0.0	89.8992	26.36346	43.351833
0.0	89.7992	26.412823	43.264866
0.0	89.6992	26.462265	43.177944
0.0	89.599205	26.511787	43.09107
0.0	89.49921	26.561392	43.00424
0.0	89.39921	26.611076	42.917454
0.0	89.29921	26.660841	42.830715
0.0	89.19921	26.710686	42.744022
0.0	89.09921	26.760612	42.65738
0.0	88.999214	26.81062	42.57078
0.0	88.899216	26.860708	42.48423
0.0	88.79922	26.910877	42.397724
0.0	88.69922	26.961126	42.311268
0.0	88.59922	27.011457	42.224857
0.0	88.49922	27.06187	42.138493
0.0	88.39922	27.112364	42.052177
0.0	88.299225	27.16294	41.965908
0.0	88.19923	27.213594	41.87969
0.0	88.09923	27.264332	41.793514
0.0	87.99923	27.315151	41.70739
0.0	87.89923	27.366053	41.621315
0.0	87.79923	27.417034	41.535286
0.0	87.699234	27.468098	41.449306
0.0	87.599236	27.519243	41.363377
0.0	87.49924	27.57047	41.277493
0.0	87.39924	27.62178	41.191658
0.0	87.29924	27.673172	41.105873
0.0	87.19924	27.724646	41.020138
0.0	87.09924	27.776201	40.934452
0.0	86.999245	27.827839	40.848816
0.0	86.89925	27.879559	40.76323
0.0	86.79925	27.93136	40.677692
0.0	86.69925	27.983244	40.592205
0.0	86.59925	28.03521	40.506767
0.0	86.49925	28.087257	40.42138
0.0	86.399254	28.139389	40.33604
0.0	86.299255	28.191603	40.250755
0.0	86.19926	28.243898	40.16552
0.0	86.09926	28.296278	40.080334
0.0	85.99926	28.34874	39.9952
0.0	85.89926	28.401283	39.91012
0.0	85.79926	28.45391	39.825085
0.0	85.699265	28.50662	39.740105
0.0	85.599266	28.559414	39.655174
0.0	85.49927	28.61229	39.570297
0.0	85.39927	28.665249	39.485474
0.0	85.29927	28.71829	39.4007
0.0	85.19927	28.771416	39.31598
0.0	85.09927	28.824623	39.231308
0.0	84.999275	28.877914	39.14669
0.0	84.89928	28.93129	39.062126
0.0	84.79928	28.984749	38.977615
0.0	84.69928	29.03829	38.893158
0.0	84.59928	29.091915	38.808754
0.0	84.49928	29.145624	38.7244
0.0	84.399284	29.199417	38.6401
0.0	84.299286	29.253294	38.55585
0.0	84.19929	29.307253	38.471657
0.0	84.09929	29.361296	38.38752
0.0	83.99929	29.415422	38.303436
0.0	83.89929	29.469633	38.219406
0.0	83.79929	29.523928	38.13543
0.0	83.699295	29.578306	38.051506
0.0	83.5993	29.632769	37.96764
0.0	83.4993	29.687315	37.883827
0.0	83.3993	29.741945	37.800068
0.0	83.2993	29.796661	37.716366
0.0	83.1993	29.851461	37.632717
0.0	83.099304	29.906345	37.549126
0.0	82.999306	29.961313	37.465588
0.0	82.89931	30.016365	37.382107
0.0	82.79931	30.071503	37.29868
0.0	82.69931	30.126724	37.21531
0.0	82.59931	30.18203	37.131996
0.0	82.49931	30.23742	37.048737
0.0	82.399315	30.292894	36.965534
0.0	82.29932	30.348454	36.88239
0.0	82.19932	30.404097	36.7993
0.0	82.09932	30.459826	36.71627
0.0	81.99932	30.515638	36.633297
0.0	81.89932	30.571537	36.55038
0.0	81.799324	30.62752	36.46752
0.0	81.699326	30.683588	36.38472
0.0	81.59933	30.73974	36.301975
0.0	81.49933	30.795979	36.219288
0.0	81.39933	30.8523	36.136658
0.0	81.29933	30.908709	36.054085
0.0	81.19933	30.965202	35.971573
0.0	81.099335	31.02178	35.88912
0.0	80.99934	31.078444	35.80672
0.0	80.89934	31.135193	35.724384
0.0	80.79934	31.192026	35.642105
0.0	80.69934	31.248945	35.559883
0.0	80.59934	31.30595	35.477722
0.0	80.499344	31.36304	35.39562
0.0	80.399345	31.420216	35.313576
0.0	80.29935	31.477476	35.231594
0.0	80.19935	31.534822	35.14967
0.0	80.09935	31.592255	35.067806
0.0	79.99935	31.649773	34.986004
0.0	79.89935	31.707376	34.904263
0.0	79.799355	31.765064	34.82258
0.0	79.699356	31.822838	34.740955
0.0	79.59936	31.880697	34.659393
0.0	79.49936	31.938643	34.577892
0.0	79.39936	31.996674	34.496452
0.0	79.29936	32.05479	34.415073
0.0	79.19936	32.112995	34.333755
0.0	79.099365	32.171284	34.2525
0.0	78.99937	32.22966	34.171307
0.0	78.89937	32.28812	34.090176
0.0	78.79937	32.34667	34.009106
0.0	78.69937	32.4053	33.928097
0.0	78.59937	32.46402	33.847153
0.0	78.499374	32.522823	33.76627
0.0	78.399376	32.581715	33.68545
0.0	78.29938	32.640694	33.604694
0.0	78.19938	32.699757	33.524002
0.0	78.09938	32.758907	33.44337
0.0	77.99938	32.818142	33.362804
0.0	77.89938	32.877464	33.2823
0.0	77.799385	32.93687	33.20186
0.0	77.69939	32.996365	33.121483
0.0	77.59939	33.055946	33.041172
0.0	77.49939	33.115612	32.960922
0.0	77.39939	33.175365	32.880737
0.0	77.29939	33.235207	32.800617
0.0	77.199394	33.29513	32.720562
0.0	77.099396	33.355145	32.64057
0.0	76.9994	33.415245	32.560646
0.0	76.8994	33.47543	32.480785
0.0	76.7994	33.5357	32.40099
0.0	76.6994	33.59606	32.32126
0.0	76.5994	33.656506	32.241596
0.0	76.499405	33.717037	32.162
0.0	76.39941	33.777657	32.082466
0.0	76.29941	33.83836	32.003
0.0	76.19941	33.89915	31.923597
0.0	76.09941	33.96003	31.844263
0.0	75.99941	34.020996	31.764996
0.0	75.899414	34.082047	31.685795
0.0	75.799416	34.143185	31.60666
0.0	75.69942	34.20441	31.527594
0.0	75.59942	34.265724	31.448595
0.0	75.49942	34.32712	31.369663
0.0	75.39942	34.388607	31.290798
0.0	75.29942	34.45018	31.212002
0.0	75.199425	34.511837	31.133274
0.0	75.09943	34.57358	31.054613
0.0	74.99943	34.635414	30.97602
0.0	74.89943	34.697334	30.897497
0.0	74.79943	34.759342	30.819042
0.0	74.69943	34.821434	30.740656
0.0	74.599434	34.883614	30.662338
0.0	74.499435	34.94588	30.58409
0.0	74.39944	35.008236	30.505909
0.0	74.29944	35.070675	30.4278
0.0	74.19944	35.1332	30.349758
0.0	74.09944	35.195816	30.271788
0.0	73.99944	35.25852	30.193888
0.0	73.899445	35.32131	30.116056
0.0	73.799446	35.384182	30.038296
0.0	73.69945	35.447144	29.960606
0.0	73.59945	35.510193	29.882986
0.0	73.49945	35.57333	29.805437
0.0	73.39945	35.636555	29.727959
0.0	73.29945	35.699863	29.65055
0.0	73.199455	35.76326	29.573215
0.0	73.09946	35.826744	29.49595
0.0	72.99946	35.890316	29.418758
0.0	72.89946	35.953976	29.341637
0.0	72.79946	36.01772	29.264587
0.0	72.69946	36.08155	29.18761
0.0	72.599464	36.14547	29.110706
0.0	72.499466	36.209476	29.033875
0.0	72.39947	36.27357	28.957115
0.0	72.29947	36.33775	28.880428
0.0	72.19947	36.402016	28.803814
0.0	72.09947	36.46637	28.727272
0.0	71.99947	36.53081	28.650805
0.0	71.899475	36.59534	28.57441
0.0	71.79948	36.659954	28.498089
0.0	71.69948	36.724655	28.42184
0.0	71.59948	36.789444	28.345667
0.0	71.49948	36.85432	28.269567
0.0	71.39948	36.919285	28.193542
0.0	71.299484	36.984333	28.117592
0.0	71.199486	37.04947	28.041716
0.0	71.09949	37.114693	27.965914
0.0	70.99949	37.180004	27.890188
0.0	70.89949	37.245403	27.814537
0.0	70.79949	37.310886	27.73896
0.0	70.69949	37.376457	27.66346
0.0	70.599495	37.442116	27.588036
0.0	70.4995	37.507862	27.512686
0.0	70.3995	37.573696	27.437412
0.0	70.2995	37.639614	27.362215
0.0	70.1995	37.70562	27.287094
0.0	70.0995	37.771713	27.21205
0.0	69.999504	37.837894	27.137081
0.0	69.899506	37.90416	27.06219
0.0	69.79951	37.970512	26.987375
0.0	69.69951	38.036953	26.912638
0.0	69.59951	38.10348	26.837978
0.0	69.49951	38.170094	26.763395
0.0	69.39951	38.236794	26.68889
0.0	69.299515	38.30358	26.614464
0.0	69.19952	38.370457	26.540115
0.0	69.09952	38.437416	26.465843
0.0	68.99952	38.504463	26.391651
0.0	68.89952	38.571598	26.317537
0.0	68.79952	38.63882	26.243502
0.0	68.699524	38.706127	26.169544
0.0	68.599525	38.77352	26.095667
0.0	68.49953	38.841003	26.021868
0.0	68.39953	38.90857	25.948149
0.0	68.29953	38.976223	25.874508
0.0	68.19953	39.043964	25.800947
0.0	68.09953	39.11179	25.727467
0.0	67.999535	39.179703	25.654066
0.0	67.899536	39.247704	25.580746
0.0	67.79954	39.31579	25.507505
0.0	67.69954	39.38396	25.434345
0.0	67.59954	39.45222	25.361265
0.0	67.49954	39.520565	25.288265
0.0	67.39954	39.588997	25.215347
0.0	67.299545	39.657516	25.14251
0.0	67.19955	39.72612	25.069754
0.0	67.09955	39.79481	24.99708
0.0	66.99955	39.86359	24.924488
0.0	66.89955	39.932453	24.851976
0.0	66.79955	40.001404	24.779547
0.0	66.699554	40.07044	24.7072
0.0	66.599556	40.13956	24.634935
0.0	66.49956	40.208767	24.562754
0.0	66.39956	40.27806	24.490654
0.0	66.29956	40.347443	24.418636
0.0	66.19956	40.41691	24.346703
0.0	66.09956	40.48646	24.27485
0.0	65.999565	40.5561	24.203083
0.0	65.89957	40.625824	24.1314
0.0	65.79957	40.695633	24.0598
0.0	65.69957	40.76553	23.988283
0.0	65.59957	40.83551	23.916851
0.0	65.49957	40.90558	23.845503
0.0	65.399574	40.97573	23.774239
0.0	65.299576	41.045967	23.703058
0.0	65.19958	41.11629	23.631962
0.0	65.09958	41.1867	23.560951
0.0	64.99958	41.257195	23.490025
0.0	64.89958	41.327774	23.419184
0.0	64.79958	41.39844	23.348429
0.0	64.699585	41.469193	23.277758
0.0	64.59959	41.540028	23.207172
0.0	64.49959	41.61095	23.136673
0.0	64.39959	41.681957	23.06626
0.0	64.29959	41.753048	22.995932
0.0	64.19959	41.824226	22.925692
0.0	64.099594	41.89549	22.855537
0.0	63.999596	41.966835	22.78547
0.0	63.899597	42.03827	22.715488
0.0	63.7996	42.109787	22.645594
0.0	63.6996	42.18139	22.575787
0.0	63.5996	42.253075	22.506067
0.0	63.499603	42.32485	22.436434
0.0	63.399605	42.396706	22.366888
0.0	63.299606	42.468647	22.29743
0.0	63.199608	42.540672	22.22806
0.0	63.09961	42.612785	22.158777
0.0	62.99961	42.684982	22.089584
0.0	62.899612	42.757263	22.02048
0.0	62.799614	42.829628	21.951462
0.0	62.699615	42.902077	21.882534
0.0	62.599617	42.97461	21.813694
0.0	62.49962	43.047226	21.744944
0.0	62.39962	43.119926	21.676283
0.0	62.29962	43.192715	21.60771
0.0	62.199623	43.265587	21.539227
0.0	62.099625	43.338543	21.470833
0.0	61.999626	43.411583	21.402529
0.0	61.899628	43.484707	21.334314
0.0	61.79963	43.557915	21.266191
0.0	61.69963	43.631207	21.198158
0.0	61.599632	43.704582	21.130215
0.0	61.499634	43.77804	21.062363
0.0	61.399635	43.85158	20.9946
0.0	61.299637	43.925205	20.92693
0.0	61.19964	43.998913	20.85935
0.0	61.09964	44.072704	20.791862
0.0	60.99964	44.14658	20.724464
0.0	60.899643	44.22054	20.657158
0.0	60.799644	44.294582	20.589943
0.0	60.699646	44.36871	20.522821
0.0	60.599648	44.442917	20.455791
0.0	60.49965	44.51721	20.388853
0.0	60.39965	44.591583	20.322006
0.0	60.299652	44.666042	20.255253
0.0	60.199654	44.74058	20.188591
0.0	60.099655	44.815205	20.122023
0.0	59.999657	44.88991	20.055548
0.0	59.89966	44.9647	19.989166
0.0	59.79966	45.03957	19.922876
0.0	59.69966	45.114525	19.85668
0.0	59.599663	45.18956	19.790577
0.0	59.499664	45.26468	19.724567
0.0	59.399666	45.33988	19.658653
0.0	59.299667	45.415165	19.592833
0.0	59.19967	45.490532	19.527105
0.0	59.09967	45.56598	19.461473
0.0	58.999672	45.64151	19.395935
0.0	58.899673	45.71712	19.330492
0.0	58.799675	45.792816	19.265142
0.0	58.699677	45.86859	19.199888
0.0	58.599678	45.944447	19.13473
0.0	58.49968	46.020386	19.069666
0.0	58.39968	46.096405	19.004698
0.0	58.299683	46.17251	18.939825
0.0	58.199684	46.24869	18.875048
0.0	58.099686	46.324955	18.810366
0.0	57.999687	46.401302	18.745779
0.0	57.89969	46.47773	18.68129
0.0	57.79969	46.554237	18.616896
0.0	57.69969	46.630825	18.552599
0.0	57.599693	46.707497	18.488398
0.0	57.499695	46.78425	18.424294
0.0	57.399696	46.86108	18.360287
0.0	57.299698	46.937992	18.296377
0.0	57.1997	47.014984	18.232563
0.0	57.0997	47.092056	18.168846
0.0	56.999702	47.16921	18.105227
0.0	56.899704	47.24644	18.041706
0.0	56.799706	47.323753	17.978283
0.0	56.699707	47.401146	17.914957
0.0	56.59971	47.47862	17.851728
0.0	56.49971	47.55617	17.788599
0.0	56.39971	47.633804	17.725567
0.0	56.299713	47.711517	17.662634
0.0	56.199715	47.78931	17.5998
0.0	56.099716	47.867184	17.537064
0.0	55.999718	47.945137	17.474426
0.0	55.89972	48.02317	17.411888
0.0	55.79972	48.10128	17.34945
0.0	55.699722	48.17947	17.28711
0.0	55.599724	48.25774	17.224869
0.0	55.499725	48.33609	17.162727
0.0	55.399727	48.414516	17.100685
0.0	55.29973	48.493023	17.038744
0.0	55.19973	48.57161	16.976902
0.0	55.09973	48.650272	16.915161
0.0	54.999733	48.729015	16.85352
0.0	54.899734	48.807835	16.791979
0.0	54.799736	48.886734	16.730537
0.0	54.699738	48.96571	16.669197
0.0	54.59974	49.044765	16.607958
0.0	54.49974	49.123898	16.54682
0.0	54.399742	49.20311	16.485783
0.0	54.299744	49.2824	16.424847
0.0	54.199745	49.361767	16.364012
0.0	54.099747	49.44121	16.303278
0.0	53.99975	49.520733	16.242645
0.0	53.89975	49.600334	16.182116
0.0	53.79975	49.68001	16.121687
0.0	53.699753	49.759766	16.061361
0.0	53.599754	49.839596	16.001137
0.0	53.499756	49.919506	15.941014
0.0	53.399757	49.999493	15.880995
0.0	53.29976	50.079556	15.821077
0.0	53.19976	50.159695	15.761263
0.0	53.099762	50.23991	15.701551
0.0	52.999763	50.3202	15.641943
0.0	52.899765	50.40057	15.5824375
0.0	52.799767	50.481014	15.523035
0.0	52.699768	50.561535	15.463736
0.0	52.59977	50.64213	15.404539
0.0	52.49977	50.722805	15.345447
0.0	52.399773	50.803555	15.286458
0.0	52.299774	50.88438	15.227573
0.0	52.199776	50.96528	15.168792
0.0	52.099777	51.046253	15.110115
0.0	51.99978	51.127304	15.051542
0.0	51.89978	51.20843	14.993073
0.0	51.79978	51.28963	14.93471
0.0	51.699783	51.370907	14.87645
0.0	51.599785	51.45226	14.818295
0.0	51.499786	51.533684	14.760244
0.0	51.399788	51.615185	14.702299
0.0	51.29979	51.69676	14.644459
0.0	51.19979	51.778408	14.586723
0.0	51.099792	51.86013	14.529094
0.0	50.999794	51.94193	14.471569
0.0	50.899796	52.0238	14.41415
0.0	50.799797	52.105747	14.356836
0.0	50.6998	52.187767	14.299628
0.0	50.5998	52.26986	14.242526
0.0	50.4998	52.352028	14.185531
0.0	50.399803	52.43427	14.128641
0.0	50.299805	52.516582	14.071857
0.0	50.199806	52.59897	14.015181
0.0	50.099808	52.68143	13.95861
0.0	49.99981	52.763966	13.902145
0.0	49.89981	52.846573	13.845788
0.0	49.799812	52.929253	13.789537
0.0	49.699814	53.012005	13.733394
0.0	49.599815	53.09483	13.677357
0.0	49.499817	53.177727	13.621428
0.0	49.39982	53.260696	13.565605
0.0	49.29982	53.34374	13.509891
0.0	49.19982	53.426853	13.454283
0.0	49.099823	53.510036	13.398783
0.0	48.999825	53.593292	13.34339
0.0	48.899826	53.67662	13.288106
0.0	48.799828	53.76002	13.232929
0.0	48.69983	53.843494	13.177861
0.0	48.59983	53.927036	13.122901
0.0	48.499832	54.01065	13.068049
0.0	48.399834	54.094334	13.013306
0.0	48.299835	54.17809	12.958671
0.0	48.199837	54.261917	12.904144
0.0	48.09984	54.345814	12.849727
0.0	47.99984	54.429783	12.795418
0.0	47.89984	54.51382	12.741218
0.0	47.799843	54.597927	12.687126
0.0	47.699844	54.682106	12.633144
0.0	47.599846	54.766354	12.579271
0.0	47.499847	54.85067	12.525508
0.0	47.39985	54.93506	12.471854
0.0	47.29985	55.019516	12.41831
0.0	47.199852	55.104042	12.364875
0.0	47.099854	55.188637	12.31155
0.0	46.999855	55.2733	12.258335
0.0	46.899857	55.358032	12.20523
0.0	46.79986	55.442837	12.152234
0.0	46.69986	55.52771	12.099349
0.0	46.59986	55.61265	12.046574
0.0	46.499863	55.69766	11.993909
0.0	46.399864	55.782734	11.941355
0.0	46.299866	55.867878	11.888911
0.0	46.199867	55.95309	11.836578
0.0	46.09987	56.038372	11.784356
0.0	45.99987	56.123722	11.7322445
0.0	45.89987	56.209137	11.6802435
0.0	45.799873	56.29462	11.628354
0.0	45.699875	56.380173	11.576575
0.0	45.599876	56.46579	11.524908
0.0	45.499878	56.551476	11.473352
0.0	45.39988	56.637226	11.421907
0.0	45.29988	56.723045	11.370574
0.0	45.199883	56.80893	11.319352
0.0	45.099884	56.894882	11.268242
0.0	44.999886	56.9809	11.217243
0.0	44.899887	57.066986	11.166357
0.0	44.79989	57.153137	11.115582
0.0	44.69989	57.239353	11.064919
0.0	44.59989	57.325634	11.014369
0.0	44.499893	57.411983	10.963931
0.0	44.399895	57.498398	10.913605
0.0	44.299896	57.584877	10.863391
0.0	44.199898	57.67142	10.81329
0.0	44.0999	57.75803	10.763301
0.0	43.9999	57.844704	10.713425
0.0	43.899902	57.931442	10.663661
0.0	43.799904	58.018246	10.61401
0.0	43.699905	58.105114	10.564472
0.0	43.599907	58.192047	10.515047
0.0	43.49991	58.279045	10.465735
0.0	43.39991	58.366104	10.416536
0.0	43.29991	58.453228	10.367451
0.0	43.199913	58.540417	10.318479
0.0	43.099915	58.627666	10.26962
0.0	42.999916	58.71498	10.220875
0.0	42.899918	58.80236	10.172243
0.0	42.79992	58.8898	10.123725
0.0	42.69992	58.977306	10.07532
0.0	42.599922	59.064873	10.027029
0.0	42.499924	59.152504	9.978851
0.0	42.399925	59.240196	9.930788
0.0	42.299927	59.32795	9.882838
0.0	42.19993	59.415768	9.835003
0.0	42.09993	59.503647	9.787282
0.0	41.99993	59.591587	9.739675
0.0	41.899933	59.67959	9.692182
0.0	41.799934	59.76765	9.644803
0.0	41.699936	59.855778	9.597539
0.0	41.599937	59.943966	9.550389
0.0	41.49994	60.032215	9.503354
0.0	41.39994	60.120525	9.456433
0.0	41.299942	60.208897	9.409627
0.0	41.199944	60.297325	9.362936
0.0	41.099945	60.385815	9.3163595
0.0	40.999947	60.474365	9.269897
0.0	40.89995	60.562977	9.223551
0.0	40.79995	60.65165	9.17732
0.0	40.69995	60.74038	9.131203
0.0	40.599953	60.82917	9.085201
0.0	40.499954	60.918022	9.039315
0.0	40.399956	61.00693	8.993545
0.0	40.299957	61.0959	8.947889
0.0	40.19996	61.18493	8.902349
0.0	40.09996	61.274017	8.856925
0.0	39.99996	61.363163	8.811616
0.0	39.899963	61.45237	8.766422
0.0	39.799965	61.541634	8.721344
0.0	39.699966	61.630955	8.676381
0.0	39.599968	61.720333	8.631535
0.0	39.49997	61.809772	8.586803
0.0	39.39997	61.89927	8.542189
0.0	39.299973	61.988823	8.497689
0.0	39.199974	62.078434	8.453306
0.0	39.099976	62.168102	8.4090395
0.0	38.999977	62.257828	8.364888
0.0	38.89998	62.34761	8.320853
0.0	38.79998	62.43745	8.276935
0.0	38.69998	62.527348	8.233132
0.0	38.599983	62.617302	8.189446
0.0	38.499985	62.70731	8.145877
0.0	38.399986	62.797375	8.102424
0.0	38.299988	62.887497	8.059087
0.0	38.19999	62.977673	8.015866
0.0	38.09999	63.067905	7.9727626
0.0	37.999992	63.158195	7.929775
0.0	37.899994	63.24854	7.8869047
0.0	37.799995	63.33894	7.8441505
0.0	37.699997	63.429394	7.801513
0.0	37.6	63.519905	7.7589927
0.0	37.5	63.61047	7.716589
0.0	37.4	63.701088	7.674302
0.0	37.300003	63.791763	7.632132
0.0	37.200005	63.882492	7.5900793
0.0	37.100006	63.973274	7.5481434
0.0	37.000008	64.06411	7.5063243
0.0	36.90001	64.155	7.4646225
0.0	36.80001	64.24594	7.423038
0.0	36.700012	64.33694	7.3815703
0.0	36.600014	64.427986	7.34022
0.0	36.500015	64.51909	7.298987
0.0	36.400017	64.610245	7.257871
0.0	36.30002	64.701454	7.2168727
0.0	36.20002	64.79272	7.1759915
0.0	36.10002	64.88403	7.135228
0.0	36.000023	64.9754	7.094582
0.0	35.900024	65.06682	7.0540533
0.0	35.800026	65.15829	7.0136423
0.0	35.700027	65.24981	6.9733486
0.0	35.60003	65.341385	6.9331727
0.0	35.50003	65.433014	6.8931146
0.0	35.400032	65.52469	6.8531737
0.0	35.300034	65.61642	6.8133507
0.0	35.200035	65.7082	6.7736454
0.0	35.100037	65.800026	6.734058
0.0	35.00004	65.89191	6.694588
0.0	34.90004	65.98384	6.6552362
0.0	34.80004	66.07582	6.616002
0.0	34.700043	66.167854	6.5768857
0.0	34.600044	66.25993	6.5378876
0.0	34.500046	66.352066	6.499007
0.0	34.400047	66.444244	6.4602447
0.0	34.30005	66.536476	6.4216003
0.0	34.20005	66.62875	6.383074
0.0	34.10005	66.721085	6.3446655
0.0	34.000053	66.81346	6.306375
0.0	33.900055	66.90589	6.268203
0.0	33.800056	66.99837	6.230149
0.0	33.700058	67.09089	6.1922126
0.0	33.60006	67.183464	6.1543946
0.0	33.50006	67.276085	6.116695
0.0	33.400063	67.36875	6.0791135
0.0	33.300064	67.46147	6.0416503
0.0	33.200066	67.55424	6.0043054
0.0	33.100067	67.64705	5.9670787
0.0	33.00007	67.73991	5.9299703
0.0	32.90007	67.83282	5.89298
0.0	32.80007	67.92577	5.856108
0.0	32.700073	68.018776	5.8193545
0.0	32.600075	68.111824	5.782719
0.0	32.500076	68.20492	5.7462025
0.0	32.400078	68.29806	5.709804
0.0	32.30008	68.39124	5.673524
0.0	32.20008	68.484474	5.637362
0.0	32.100082	68.57775	5.601319
0.0	32.000084	68.671074	5.565394
0.0	31.900085	68.76444	5.5295877
0.0	31.800085	68.85786	5.4939
0.0	31.700085	68.95132	5.45833
0.0	31.600084	69.04482	5.422879
0.0	31.500084	69.138374	5.3875465
0.0	31.400084	69.23197	5.3523326
0.0	31.300083	69.32561	5.317237
0.0	31.200083	69.41929	5.28226
0.0	31.100082	69.513016	5.2474017
0.0	31.000082	69.60679	5.2126617
0.0	30.900082	69.70061	5.1780405
0.0	30.800081	69.794464	5.1435375
0.0	30.70008	69.88837	5.1091533
0.0	30.60008	69.982315	5.0748878
0.0	30.50008	70.0763	5.0407405
0.0	30.40008	70.170334	5.006712
0.0	30.30008	70.26441	4.972802
0.0	30.200079	70.35853	4.9390106
0.0	30.100079	70.45269	4.905338
0.0	30.000078	70.54689	4.8717837
0.0	29.900078	70.641136	4.838348
0.0	29.800077	70.73542	4.805031
0.0	29.700077	70.82975	4.7718325
0.0	29.600077	70.92412	4.7387524
0.0	29.500076	71.01853	4.705791
0.0	29.400076	71.11298	4.6729484
0.0	29.300076	71.20748	4.640224
0.0	29.200075	71.30202	4.6076183
0.0	29.100075	71.39659	4.5751314
0.0	29.000074	71.49121	4.5427628
0.0	28.900074	71.58587	4.510513
0.0	28.800074	71.680565	4.4783816
0.0	28.700073	71.7753	4.4463687
0.0	28.600073	71.87008	4.4144745
0.0	28.500072	71.9649	4.3826985
0.0	28.400072	72.05975	4.3510413
0.0	28.300072	72.15465	4.3195024
0.0	28.200071	72.24958	4.288082
0.0	28.10007	72.34456	4.2567806
0.0	28.00007	72.439575	4.2255974
0.0	27.90007	72.53463	4.1945324
0.0	27.80007	72.62972	4.163586
0.0	27.70007	72.72485	4.132758
0.0	27.600069	72.82002	4.102049
0.0	27.500069	72.91523	4.071458
0.0	27.400068	73.010475	4.040985
0.0	27.300068	73.10576	4.010631
0.0	27.200068	73.20108	3.9803956
0.0	27.100067	73.29644	3.9502783
0.0	27.000067	73.39184	3.9202793
0.0	26.900066	73.48727	3.8903987
0.0	26.800066	73.58273	3.8606365
0.0	26.700066	73.67824	3.8309925
0.0	26.600065	73.77378	3.8014667
0.0	26.500065	73.86936	3.7720594
0.0	26.400064	73.96497	3.7427704
0.0	26.300064	74.06062	3.7135997
0.0	26.200064	74.15631	3.684547
0.0	26.100063	74.25204	3.6556125
0.0	26.000063	74.34779	3.6267962
0.0	25.900063	74.44359	3.5980983
0.0	25.800062	74.53941	3.5695183
0.0	25.700062	74.63528	3.5410566
0.0	25.600061	74.73118	3.512713
0.0	25.500061	74.82711	3.4844873
0.0	25.40006	74.92308	3.4563797
0.0	25.30006	75.01908	3.42839
0.0	25.20006	75.11512	3.4005184
0.0	25.10006	75.21119	3.3727648
0.0	25.00006	75.3073	3.3451293
0.0	24.900059	75.403435	3.3176117
0.0	24.800058	75.49961	3.290212
0.0	24.700058	75.59582	3.2629302
0.0	24.600058	75.692055	3.2357662
0.0	24.500057	75.78833	3.20872
0.0	24.400057	75.884636	3.1817915
0.0	24.300056	75.98097	3.154981
0.0	24.200056	76.07735	3.128288
0.0	24.100056	76.17375	3.101713
0.0	24.000055	76.27019	3.0752554
0.0	23.900055	76.36665	3.0489156
0.0	23.800055	76.46316	3.0226934
0.0	23.700054	76.55969	2.9965887
0.0	23.600054	76.65626	2.9706016
0.0	23.500053	76.75285	2.944732
0.0	23.400053	76.84948	2.91898
0.0	23.300053	76.94614	2.8933454
0.0	23.200052	77.04282	2.8678281
0.0	23.100052	77.13954	2.8424284
0.0	23.000051	77.23629	2.817146
0.0	22.900051	77.33307	2.791981
0.0	22.80005	77.42988	2.7669332
0.0	22.70005	77.52672	2.7420027
0.0	22.60005	77.62359	2.7171893
0.0	22.50005	77.72049	2.6924932
0.0	22.40005	77.81742	2.6679142
0.0	22.300049	77.91438	2.6434522
0.0	22.200048	78.011375	2.6191072
0.0	22.100048	78.1084	2.5948794
0.0	22.000048	78.20545	2.5707684
0.0	21.900047	78.30253	2.5467744
0.0	21.800047	78.399635	2.5228972
0.0	21.700047	78.49677	2.499137
0.0	21.600046	78.59394	2.4754934
0.0	21.500046	78.69113	2.4519668
0.0	21.400045	78.78835	2.428557
0.0	21.300045	78.885605	2.4052637
0.0	21.200045	78.98288	2.382087
0.0	21.100044	79.080185	2.359027
0.0	21.000044	79.17752	2.3360834
0.0	20.900043	79.27488	2.3132565
0.0	20.800043	79.37227	2.290546
0.0	20.700043	79.46968	2.2679517
0.0	20.600042	79.56712	2.245474
0.0	20.500042	79.66459	2.2231126
0.0	20.400042	79.762085	2.2008674
0.0	20.300041	79.859604	2.1787386
0.0	20.20004	79.95715	2.156726
0.0	20.10004	80.054726	2.1348293
0.0	20.00004	80.15233	2.1130488
0.0	19.90004	80.249954	2.0913844
0.0	19.80004	80.3476	2.069836
0.0	19.700039	80.44528	2.0484033
0.0	19.600039	80.542984	2.0270867
0.0	19.500038	80.64071	2.0058858
0.0	19.400038	80.738464	1.9848008
0.0	19.300037	80.83624	1.9638315
0.0	19.200037	80.934044	1.9429779
0.0	19.100037	81.03187	1.9222399
0.0	19.000036	81.129715	1.9016175
0.0	18.900036	81.22759	1.8811107
0.0	18.800035	81.32549	1.8607193
0.0	18.700035	81.423416	1.8404434
0.0	18.600035	81.52136	1.8202827
0.0	18.500034	81.61933	1.8002374
0.0	18.400034	81.71732	1.7803074
0.0	18.300034	81.81534	1.7604926
0.0	18.200033	81.913376	1.7407929
0.0	18.100033	82.01144	1.7212082
0.0	18.000032	82.10952	1.7017386
0.0	17.900032	82.20763	1.682384
0.0	17.800032	82.305756	1.6631442
0.0	17.700031	82.40391	1.6440194
0.0	17.60003	82.50208	1.6250093
0.0	17.50003	82.60028	1.6061139
0.0	17.40003	82.6985	1.5873332
0.0	17.30003	82.796745	1.5686672
0.0	17.20003	82.89501	1.5501157
0.0	17.100029	82.9933	1.5316787
0.0	17.000029	83.091606	1.5133561
0.0	16.900028	83.18993	1.495148
0.0	16.800028	83.288284	1.4770541
0.0	16.700027	83.38666	1.4590745
0.0	16.600027	83.48505	1.4412091
0.0	16.500027	83.58346	1.4234577
0.0	16.400026	83.68189	1.4058205
0.0	16.300026	83.78034	1.3882973
0.0	16.200026	83.878815	1.370888
0.0	16.100025	83.97731	1.3535926
0.0	16.000025	84.07582	1.336411
0.0	15.900024	84.174355	1.3193432
0.0	15.800024	84.2729	1.302389
0.0	15.700024	84.371475	1.2855484
0.0	15.600023	84.47007	1.2688215
0.0	15.500023	84.56868	1.252208
0.0	15.4000225	84.66731	1.2357079
0.0	15.300022	84.76596	1.2193211
0.0	15.200022	84.864624	1.2030476
0.0	15.100021	84.96331	1.1868874
0.0	15.000021	85.06201	1.1708403
0.0	14.900021	85.160736	1.1549063
0.0	14.80002	85.259476	1.1390853
0.0	14.70002	85.35823	1.1233772
0.0	14.600019	85.45701	1.107782
0.0	14.500019	85.5558	1.0922997
0.0	14.400019	85.65461	1.07693
0.0	14.300018	85.75344	1.061673
0.0	14.200018	85.85229	1.0465287
0.0	14.100018	85.95115	1.0314969
0.0	14.000017	86.05003	1.0165775
0.0	13.900017	86.14893	1.0017705
0.0	13.800016	86.24785	0.9870758
0.0	13.700016	86.34678	0.97249335
0.0	13.600016	86.445724	0.9580231
0.0	13.500015	86.544685	0.9436649
0.0	13.400015	86.64367	0.92941874
0.0	13.3000145	86.74267	0.9152845
0.0	13.200014	86.84168	0.90126216
0.0	13.100014	86.94071	0.88735163
0.0	13.000013	87.03976	0.8735528
0.0	12.900013	87.13882	0.8598656
0.0	12.800013	87.23789	0.84629
0.0	12.700012	87.33698	0.8328259
0.0	12.600012	87.43609	0.81947327
0.0	12.500011	87.53521	0.806232
0.0	12.400011	87.634346	0.7931019
0.0	12.300011	87.7335	0.78008306
0.0	12.20001	87.832664	0.7671753
0.0	12.10001	87.93184	0.7543786
0.0	12.00001	88.03103	0.7416929
0.0	11.900009	88.13023	0.7291181
0.0	11.800009	88.229454	0.7166541
0.0	11.700008	88.32869	0.7043008
0.0	11.600008	88.42794	0.6920582
0.0	11.500008	88.5272	0.67992616
0.0	11.400007	88.62647	0.6679046
0.0	11.300007	88.72576	0.65599346
0.0	11.2000065	88.825066	0.6441927
0.0	11.100006	88.92438	0.63250214
0.0	11.000006	89.023705	0.6209218
0.0	10.900005	89.12305	0.60945153
0.0	10.800005	89.2224	0.5980913
0.0	10.700005	89.32176	0.586841
0.0	10.600004	89.42114	0.5757006
0.0	10.500004	89.52053	0.5646699
0.0	10.400003	89.619934	0.55374897
0.0	10.300003	89.719345	0.54293764
0.0	10.200003	89.81877	0.5322358
0.0	10.100002	89.918205	0.5216434
0.0	10.000002	90.017654	0.5111604
0.0	9.900002	90.11711	0.50078666
0.0	9.800001	90.21658	0.49052215
0.0	9.700001	90.31606	0.48036674
0.0	9.6	90.41556	0.47032034
0.0	9.5	90.51506	0.4603829
0.0	9.4	90.61458	0.45055434
0.0	9.299999	90.7141	0.44083455
0.0	9.199999	90.813644	0.43122345
0.0	9.099998	90.91319	0.42172098
0.0	8.999998	91.01275	0.41232702
0.0	8.899998	91.11232	0.4030415
0.0	8.799997	91.2119	0.39386436
0.0	8.699997	91.311485	0.3847955
0.0	8.599997	91.41108	0.3758348
0.0	8.499996	91.51069	0.3669822
0.0	8.399996	91.610306	0.3582376
0.0	8.299995	91.70993	0.3496009
0.0	8.199995	91.80956	0.34107208
0.0	8.099995	91.90921	0.332651
0.0	7.9999948	92.008865	0.32433757
0.0	7.899995	92.10853	0.3161317
0.0	7.799995	92.2082	0.30803335
0.0	7.699995	92.30788	0.3000424
0.0	7.599995	92.40756	0.29215872
0.0	7.499995	92.50726	0.28438228
0.0	7.3999953	92.60697	0.27671298
0.0	7.2999954	92.70669	0.26915073
0.0	7.1999955	92.80641	0.26169544
0.0	7.0999956	92.90614	0.25434703
0.0	6.9999957	93.00588	0.24710539
0.0	6.899996	93.10563	0.23997043
0.0	6.799996	93.20538	0.23294206
0.0	6.699996	93.305145	0.2260202
0.0	6.599996	93.404915	0.21920477
0.0	6.499996	93.50469	0.21249565
0.0	6.3999963	93.60448	0.20589279
0.0	6.2999964	93.70427	0.19939606
0.0	6.1999965	93.80406	0.19300538
0.0	6.0999966	93.90386	0.18672067
0.0	5.9999967	94.00367	0.18054183
0.0	5.8999968	94.103485	0.17446877
0.0	5.799997	94.20331	0.1685014
0.0	5.699997	94.30314	0.16263963
0.0	5.599997	94.40297	0.15688336
0.0	5.499997	94.50281	0.1512325
0.0	5.399997	94.60265	0.14568695
0.0	5.2999973	94.70251	0.14024664
0.0	5.1999974	94.80237	0.13491146
0.0	5.0999975	94.90223	0.12968133
0.0	4.9999976	95.0021	0.12455615
0.0	4.8999977	95.101974	0.11953582
0.0	4.799998	95.20185	0.114620246
0.0	4.699998	95.301735	0.10980935
0.0	4.599998	95.40163	0.105103016
0.0	4.499998	95.50152	0.100501165
0.0	4.399998	95.60142	9.6003704e-2
0.0	4.2999983	95.701324	9.161053e-2
0.0	4.1999984	95.80123	8.732155e-2
0.0	4.0999985	95.901146	8.313668e-2
0.0	3.9999983	96.00106	7.905581e-2
0.0	3.8999984	96.10098	7.507885e-2
0.0	3.7999985	96.200905	7.120571e-2
0.0	3.6999986	96.300835	6.743629e-2
0.0	3.5999987	96.400764	6.37705e-2
0.0	3.4999988	96.5007	6.0208242e-2
0.0	3.399999	96.60064	5.6749415e-2
0.0	3.299999	96.700584	5.3393926e-2
0.0	3.199999	96.80053	5.014168e-2
0.0	3.0999992	96.90048	4.699258e-2
0.0	2.9999993	97.000435	4.394653e-2
0.0	2.8999994	97.100395	4.1003436e-2
0.0	2.7999995	97.200356	3.8163196e-2
0.0	2.6999996	97.300316	3.542572e-2
0.0	2.5999997	97.40028	3.2790903e-2
0.0	2.4999998	97.50025	3.0258654e-2
0.0	2.3999999	97.60022	2.7828874e-2
0.0	2.3	97.700195	2.5501465e-2
0.0	2.2	97.80017	2.327633e-2
0.0	2.1000001	97.90015	2.1153374e-2
0.0	2.0000002	98.00013	1.9132495e-2
0.0	1.9000003	98.10011	1.7213598e-2
0.0	1.8000003	98.200096	1.5396585e-2
0.0	1.7000003	98.30008	1.3681357e-2
0.0	1.6000003	98.40006	1.2067815e-2
0.0	1.5000002	98.50005	1.0555862e-2
0.0	1.4000002	98.600044	9.1454005e-3
0.0	1.3000002	98.700035	7.83633e-3
0.0	1.2000002	98.800026	6.628552e-3
0.0	1.1000001	98.90002	5.5219685e-3
0.0	1.0000001	99.000015	4.5164805e-3
0.0	0.9000001	99.10001	3.6119889e-3
0.0	0.8000001	99.20001	2.8083941e-3
0.0	0.70000005	99.30001	2.1055974e-3
0.0	0.6	99.40001	1.5034992e-3
0.0	0.5	99.50001	1.0020001e-3
0.0	0.4	99.600006	6.0100027e-4
0.0	0.3	99.700005	3.004002e-4
0.0	0.2	99.8	1.00100064e-4
0.0	0.1	99.9	0.0
0.0	0.0	100.0	0.0
